location,date,total_vaccinations,people_vaccinated,people_fully_vaccinated,new_vaccinations,new_vaccinations_smoothed
Africa,2021-01-09,0.0,0.0,0.0,0.0,0.0
Africa,2021-01-10,0.0,0.0,0.0,0.0,500.0
Africa,2021-01-11,0.0,0.0,0.0,0.0,500.0
Africa,2021-01-12,0.0,0.0,0.0,0.0,500.0
Africa,2021-01-13,2000.0,2000.0,0.0,0.0,500.0
Africa,2021-01-14,0.0,0.0,0.0,0.0,600.0
Africa,2021-01-15,4000.0,4000.0,0.0,0.0,667.0
Africa,2021-01-16,7000.0,7000.0,0.0,3000.0,1000.0
Africa,2021-01-17,0.0,0.0,0.0,0.0,1118.0
Africa,2021-01-18,0.0,0.0,0.0,0.0,1236.0
Africa,2021-01-19,10976.0,10976.0,0.0,0.0,1354.0
Africa,2021-01-20,13163.0,13163.0,0.0,2187.0,1595.0
Africa,2021-01-21,0.0,0.0,0.0,0.0,1718.0
Africa,2021-01-22,16890.0,16890.0,0.0,0.0,1841.0
Africa,2021-01-23,18353.0,18353.0,0.0,1463.0,1622.0
Africa,2021-01-24,18353.0,18353.0,0.0,0.0,1433.0
Africa,2021-01-25,19889.0,19889.0,0.0,1536.0,1463.0
Africa,2021-01-26,22712.0,22712.0,0.0,2823.0,1677.0
Africa,2021-01-27,25587.0,25587.0,0.0,2875.0,1775.0
Africa,2021-01-28,28779.0,28779.0,0.0,3192.0,1965.0
Africa,2021-01-29,30861.0,30861.0,0.0,2082.0,1996.0
Africa,2021-01-30,122206.0,32176.0,0.0,91345.0,14836.0
Africa,2021-01-31,158206.0,32176.0,0.0,36000.0,19979.0
Africa,2021-02-01,236712.0,36601.0,0.0,78506.0,30975.0
Africa,2021-02-02,295127.0,37806.0,0.0,58415.0,38916.0
Africa,2021-02-03,347149.0,38716.0,5.0,52022.0,45937.0
Africa,2021-02-04,390474.0,38716.0,5.0,43325.0,51671.0
Africa,2021-02-05,446986.0,38716.0,5.0,56512.0,59446.0
Africa,2021-02-06,504800.0,39218.0,1586.0,57814.0,54656.0
Africa,2021-02-07,0.0,0.0,0.0,0.0,55849.0
Africa,2021-02-08,593502.0,39343.0,3980.0,0.0,50970.0
Africa,2021-02-09,661263.0,39352.0,6700.0,67761.0,52305.0
Africa,2021-02-10,795836.0,39355.0,10335.0,134573.0,64098.0
Africa,2021-02-11,908796.0,39581.0,13867.0,112960.0,74046.0
Africa,2021-02-12,1165581.0,39581.0,13867.0,256785.0,102656.0
Africa,2021-02-13,1446178.0,43428.0,14181.0,280597.0,134483.0
Africa,2021-02-14,0.0,0.0,0.0,0.0,151062.0
Africa,2021-02-15,1766999.0,43437.0,16441.0,0.0,167642.0
Africa,2021-02-16,1965819.0,43444.0,18176.0,198820.0,186365.0
Africa,2021-02-17,2147659.0,47104.0,19512.0,181840.0,193118.0
Africa,2021-02-18,2303964.0,50146.0,22925.0,156305.0,199310.0
Africa,2021-02-19,2513999.0,2412533.0,32990.0,210035.0,192631.0
Africa,2021-02-20,2616931.0,2506856.0,45489.0,102932.0,167250.0
Africa,2021-02-21,2622421.0,2512346.0,50463.0,5490.0,145119.0
Africa,2021-02-22,2745898.0,2625632.0,68325.0,123477.0,139843.0
Africa,2021-02-23,2854362.0,2724750.0,86927.0,108464.0,126935.0
Africa,2021-02-24,3153546.0,3017856.0,102499.0,299184.0,143698.0
Africa,2021-02-25,3434869.0,3292724.0,119792.0,281323.0,161558.0
Africa,2021-02-26,3677524.0,3482568.0,183604.0,242655.0,166218.0
Africa,2021-02-27,3866267.0,3605812.0,252758.0,188743.0,178477.0
Africa,2021-02-28,3873994.0,3613539.0,255982.0,7727.0,178796.0
Africa,2021-03-01,4091848.0,3759638.0,330257.0,217854.0,192279.0
Africa,2021-03-02,4252773.0,3859686.0,394124.0,160925.0,199773.0
Africa,2021-03-03,4424168.0,3963877.0,468861.0,171395.0,181517.0
Africa,2021-03-04,4570159.0,4057507.0,529681.0,145991.0,162184.0
Africa,2021-03-05,4808230.0,4208668.0,624742.0,238071.0,161529.0
Africa,2021-03-06,5013197.0,4334635.0,705135.0,204967.0,163847.0
Africa,2021-03-07,5053898.0,4375336.0,705135.0,40701.0,168558.0
Africa,2021-03-08,5402174.0,4649256.0,779759.0,348276.0,187189.0
Africa,2021-03-09,5542597.0,4723917.0,850734.0,140423.0,184261.0
Africa,2021-03-10,5882799.0,4926631.0,1010055.0,340202.0,208376.0
Africa,2021-03-11,6071207.0,4997092.0,1137129.0,188408.0,214435.0
Africa,2021-03-12,6381226.0,5054231.0,1397210.0,310019.0,224714.0
Africa,2021-03-13,6784874.0,5211100.0,1644318.0,403648.0,253097.0
Africa,2021-03-14,6801397.0,5227623.0,1644318.0,16523.0,249643.0
Africa,2021-03-15,7194432.0,5324518.0,1942667.0,393035.0,256037.0
Africa,2021-03-16,7429911.0,5365673.0,2146524.0,235479.0,269616.0
Africa,2021-03-17,7631610.0,5412287.0,2312736.0,201699.0,249830.0
Africa,2021-03-18,7819050.0,5599476.0,2321849.0,187440.0,249692.0
Africa,2021-03-19,8101883.0,5671305.0,2563824.0,282833.0,245808.0
Africa,2021-03-20,8194242.0,5692632.0,2634856.0,92359.0,201338.0
Africa,2021-03-21,8215790.0,5714180.0,2634856.0,21548.0,202056.0
Africa,2021-03-22,8338031.0,5742779.0,2728498.0,122241.0,163371.0
Africa,2021-03-23,8484254.0,5816994.0,2820695.0,146223.0,150620.0
Africa,2021-03-24,9420365.0,6497947.0,3089404.0,936111.0,255536.0
Africa,2021-03-25,9707955.0,6557623.0,3329639.0,287590.0,269844.0
Africa,2021-03-26,9976483.0,6663052.0,3503611.0,268528.0,267800.0
Africa,2021-03-27,10302320.0,6886943.0,3606160.0,325837.0,301154.0
Africa,2021-03-28,10561169.0,7143129.0,3608823.0,258849.0,335054.0
Africa,2021-03-29,10774084.0,7229895.0,3743032.0,212915.0,348008.0
Africa,2021-03-30,10970869.0,7311247.0,3870507.0,196785.0,355231.0
Africa,2021-03-31,11474901.0,7668733.0,3995046.0,504032.0,293505.0
Africa,2021-04-01,11728478.0,7825046.0,4097534.0,253577.0,288646.0
Africa,2021-04-02,11882242.0,7902029.0,4174315.0,153764.0,272251.0
Africa,2021-04-03,12017481.0,7985573.0,4226010.0,135239.0,245023.0
Africa,2021-04-04,12081433.0,8055695.0,4226286.0,63952.0,217181.0
Africa,2021-04-05,12234935.0,8150843.0,4285887.0,153502.0,208693.0
Africa,2021-04-06,12574235.0,8446072.0,4333471.0,339300.0,229052.0
Africa,2021-04-07,12959457.0,8764091.0,4399275.0,385222.0,212079.0
Africa,2021-04-08,13696926.0,9464710.0,4443029.0,737469.0,281207.0
Africa,2021-04-09,13852001.0,9591918.0,4477590.0,155075.0,281394.0
Africa,2021-04-10,14011927.0,9713277.0,4516913.0,159926.0,284921.0
Africa,2021-04-11,14161313.0,9848360.0,4531216.0,149386.0,297126.0
Africa,2021-04-12,14270732.0,9959277.0,4533116.0,109419.0,290828.0
Africa,2021-04-13,14370176.0,10048712.0,4545961.0,99444.0,256563.0
Africa,2021-04-14,14731584.0,10397540.0,4558756.0,361408.0,253161.0
Africa,2021-04-15,14855437.0,10485420.0,4587640.0,123853.0,165502.0
Africa,2021-04-16,15082678.0,10699452.0,4600849.0,227241.0,175811.0
Africa,2021-04-17,15381171.0,10990814.0,4607980.0,298493.0,195606.0
Africa,2021-04-18,15948848.0,11536211.0,4630260.0,567677.0,255362.0
Africa,2021-04-19,16164747.0,11733749.0,4648621.0,215899.0,270574.0
Africa,2021-04-20,16331054.0,11884772.0,4663905.0,166307.0,280125.0
Africa,2021-04-21,16543626.0,12081166.0,4680083.0,212572.0,258863.0
Africa,2021-04-22,16647988.0,12167351.0,4698260.0,104362.0,256079.0
Africa,2021-04-23,16834141.0,12332750.0,4719014.0,186153.0,250209.0
Africa,2021-04-24,16889141.0,12378595.0,4728169.0,55000.0,215424.0
Africa,2021-04-25,16968205.0,12444621.0,4741207.0,79064.0,145622.0
Africa,2021-04-26,17067289.0,12528726.0,4756186.0,99084.0,128935.0
Africa,2021-04-27,17236165.0,12670568.0,4783220.0,168876.0,129302.0
Africa,2021-04-28,18295788.0,13690020.0,4828921.0,1059623.0,250309.0
Africa,2021-04-29,18388954.0,13774136.0,4847409.0,93166.0,248709.0
Africa,2021-04-30,18552854.0,13912378.0,4883132.0,163900.0,245530.0
Africa,2021-05-01,18679783.0,14027086.0,4896367.0,126929.0,255806.0
Africa,2021-05-02,18736474.0,14075246.0,4904898.0,56691.0,252610.0
Africa,2021-05-03,18911621.0,14218560.0,4947159.0,175147.0,263476.0
Africa,2021-05-04,19207747.0,14458262.0,5027666.0,296126.0,281655.0
Africa,2021-05-05,19464377.0,14675083.0,5082086.0,256630.0,166941.0
Africa,2021-05-06,19623948.0,14808759.0,5107981.0,159571.0,176428.0
Africa,2021-05-07,20216987.0,15357868.0,5166981.0,593039.0,237733.0
Africa,2021-05-08,20469514.0,15511205.0,5265789.0,252527.0,255676.0
Africa,2021-05-09,21198985.0,15987716.0,5518749.0,729471.0,351787.0
Africa,2021-05-10,21660389.0,16423151.0,5557468.0,461404.0,392681.0
Africa,2021-05-11,22092630.0,16832421.0,5599581.0,432241.0,412126.0
Africa,2021-05-12,23172894.0,17739173.0,5789451.0,1080264.0,529788.0
Africa,2021-05-13,23348323.0,17903005.0,5825487.0,175429.0,532054.0
Africa,2021-05-14,23544433.0,18045841.0,5859612.0,196110.0,475349.0
Africa,2021-05-15,23858519.0,18282551.0,5932854.0,314086.0,484144.0
Africa,2021-05-16,23951647.0,18366026.0,5942226.0,93128.0,393237.0
Africa,2021-05-17,24418612.0,18748305.0,6009505.0,466965.0,394032.0
Africa,2021-05-18,25194631.0,19337040.0,6156380.0,776019.0,443143.0
Africa,2021-05-19,25763568.0,19749659.0,6273667.0,568937.0,370096.0
Africa,2021-05-20,26225564.0,20084588.0,6361498.0,461996.0,411034.0
Africa,2021-05-21,26987636.0,20516944.0,6615093.0,762072.0,491886.0
Africa,2021-05-22,27823822.0,21425341.0,6755591.0,836186.0,566472.0
Africa,2021-05-23,28051989.0,21623586.0,6780476.0,228167.0,585763.0
Africa,2021-05-24,28513491.0,22001902.0,6847290.0,461502.0,584983.0
Africa,2021-05-25,29213882.0,22498978.0,7001329.0,700391.0,574179.0
Africa,2021-05-26,29534083.0,22693779.0,7130858.0,320201.0,538645.0
Africa,2021-05-27,29685984.0,22822120.0,7154418.0,151901.0,494346.0
Africa,2021-05-28,29812292.0,22896855.0,7195909.0,126308.0,403522.0
Africa,2021-05-29,30601060.0,23432588.0,7250893.0,788768.0,396748.0
Africa,2021-05-30,30935248.0,23634492.0,7318256.0,334188.0,411894.0
Africa,2021-05-31,32805441.0,24380442.0,8435887.0,1870193.0,613136.0
