location,date,total_vaccinations,people_vaccinated,people_fully_vaccinated,new_vaccinations,new_vaccinations_smoothed
Asia,2020-12-15,1500000.0,0.0,0.0,0.0,0.0
Asia,2020-12-16,0.0,0.0,0.0,0.0,15.0
Asia,2020-12-17,0.0,0.0,0.0,0.0,15.0
Asia,2020-12-18,0.0,0.0,0.0,0.0,15.0
Asia,2020-12-19,1500060.0,60.0,0.0,0.0,15.0
Asia,2020-12-20,1507419.0,7419.0,0.0,7359.0,1484.0
Asia,2020-12-21,1532302.0,32302.0,0.0,24883.0,5384.0
Asia,2020-12-22,1576920.0,76920.0,0.0,44618.0,10989.0
Asia,2020-12-23,1678725.0,178725.0,0.0,101805.0,25530.0
Asia,2020-12-24,1763155.0,263155.0,0.0,84430.0,37589.0
Asia,2020-12-25,1802075.0,302075.0,0.0,38920.0,43147.0
Asia,2020-12-26,1835662.0,335662.0,0.0,33587.0,47943.0
Asia,2020-12-27,1942086.0,442086.0,0.0,106424.0,62095.0
Asia,2020-12-28,2082507.0,580007.0,0.0,140421.0,78601.0
Asia,2020-12-29,2241118.0,738618.0,0.0,158611.0,94885.0
Asia,2020-12-30,2396788.0,894288.0,0.0,155670.0,102580.0
Asia,2020-12-31,5557751.0,1055251.0,0.0,3160963.0,542085.0
Asia,2021-01-01,5629689.0,1127189.0,0.0,71938.0,546802.0
Asia,2021-01-02,5702768.0,1200268.0,0.0,73079.0,552444.0
Asia,2021-01-03,5854349.0,1351849.0,0.0,151581.0,558895.0
Asia,2021-01-04,6009006.0,1506505.0,1.0,154657.0,560928.0
Asia,2021-01-05,6964460.0,1635658.0,1.0,955454.0,674763.0
Asia,2021-01-06,7211221.0,1744557.0,1.0,246761.0,687776.0
Asia,2021-01-07,7393106.0,1865043.0,4.0,181885.0,262194.0
Asia,2021-01-08,7519382.0,1937457.0,7.0,126276.0,269956.0
Asia,2021-01-09,12189036.0,1987820.0,29.0,4669654.0,926610.0
Asia,2021-01-10,12304751.0,2867910.0,256003.0,115715.0,921486.0
Asia,2021-01-11,12434812.0,2898053.0,275238.0,130061.0,917972.0
Asia,2021-01-12,12613097.0,2932300.0,310875.0,178285.0,806948.0
Asia,2021-01-13,13842851.0,2989898.0,367690.0,1229754.0,947376.0
Asia,2021-01-14,14382059.0,3055857.0,436437.0,539208.0,998422.0
Asia,2021-01-15,14923907.0,3099723.0,472318.0,541848.0,1057789.0
Asia,2021-01-16,15480380.0,3335177.0,498295.0,556473.0,470192.0
Asia,2021-01-17,15781270.0,3440948.0,583418.0,300890.0,496646.0
Asia,2021-01-18,16416755.0,3741485.0,704930.0,635485.0,568849.0
Asia,2021-01-19,17065954.0,4035611.0,843731.0,649199.0,636122.0
Asia,2021-01-20,22616652.0,4244320.0,988613.0,5550698.0,1253400.0
Asia,2021-01-21,23239897.0,4550944.0,1152550.0,623245.0,1265405.0
Asia,2021-01-22,24062376.0,5121517.0,1223466.0,822479.0,1305496.0
Asia,2021-01-23,24586933.0,5382972.0,1278064.0,524557.0,1300936.0
Asia,2021-01-24,24927581.0,5502445.0,1420478.0,340648.0,1306616.0
Asia,2021-01-25,25711732.0,6004197.0,1561475.0,784151.0,1327854.0
Asia,2021-01-26,26253866.0,6193892.0,1689128.0,542134.0,1312559.0
Asia,2021-01-27,34868863.0,6718995.0,1814723.0,8614997.0,1750316.0
Asia,2021-01-28,36046139.0,7433041.0,1950467.0,1177276.0,1829463.0
Asia,2021-01-29,37135771.0,8083886.0,2020892.0,1089632.0,1867628.0
Asia,2021-01-30,37765265.0,8472773.0,2073077.0,629494.0,1882619.0
Asia,2021-01-31,39476712.0,8645905.0,2134150.0,1711447.0,2078447.0
Asia,2021-02-01,40251005.0,9116803.0,2182212.0,774293.0,2077039.0
Asia,2021-02-02,40880610.0,9477411.0,2235698.0,629605.0,2089535.0
Asia,2021-02-03,48834922.0,9920739.0,2306580.0,7954312.0,1995151.0
Asia,2021-02-04,49922938.0,10612740.0,2389425.0,1088016.0,1982400.0
Asia,2021-02-05,51116585.0,11538098.0,2442249.0,1193647.0,1997259.0
Asia,2021-02-06,51873945.0,12024732.0,2480866.0,757360.0,2015526.0
Asia,2021-02-07,52199022.0,12166915.0,2551323.0,325077.0,1817473.0
Asia,2021-02-08,52996507.0,12723287.0,2648658.0,797485.0,1820786.0
Asia,2021-02-09,63228991.0,13347552.0,2766105.0,10232484.0,3192626.0
Asia,2021-02-10,64452010.0,14223726.0,2895837.0,1223019.0,2231013.0
Asia,2021-02-11,65387210.0,14867822.0,3033706.0,935200.0,2209182.0
Asia,2021-02-12,66600070.0,18450904.0,3407643.0,1212860.0,2211926.0
Asia,2021-02-13,67679590.0,19205949.0,3635894.0,1079520.0,2257949.0
Asia,2021-02-14,68186058.0,19557927.0,3746884.0,506468.0,2283862.0
Asia,2021-02-15,69679574.0,20693988.0,4092802.0,1493516.0,2383295.0
Asia,2021-02-16,71070535.0,21643320.0,4422599.0,1390961.0,1120221.0
Asia,2021-02-17,72630088.0,22817528.0,4783884.0,1559553.0,1168297.0
Asia,2021-02-18,74737108.0,24293644.0,5237633.0,2107020.0,1335700.0
Asia,2021-02-19,76023178.0,25048143.0,5677230.0,1286070.0,1346158.0
Asia,2021-02-20,77422800.0,26056540.0,5985371.0,1399622.0,1391887.0
Asia,2021-02-21,77936116.0,26383661.0,6173826.0,513316.0,1392865.0
Asia,2021-02-22,79118426.0,27150052.0,6484066.0,1182310.0,1348407.0
Asia,2021-02-23,80628109.0,30774982.0,8839703.0,1509683.0,1365368.0
Asia,2021-02-24,82049973.0,31713813.0,9184869.0,1421864.0,1345698.0
Asia,2021-02-25,83712128.0,32618505.0,9787080.0,1662155.0,1282146.0
Asia,2021-02-26,85057070.0,33328869.0,10330747.0,1344942.0,1290556.0
Asia,2021-02-27,86359563.0,33916980.0,10824638.0,1302493.0,1276680.0
Asia,2021-02-28,98830365.0,34284469.0,10917408.0,12470802.0,2984893.0
Asia,2021-03-01,100327202.0,35243350.0,11339662.0,1496837.0,3029825.0
Asia,2021-03-02,102449908.0,36788653.0,11731502.0,2122706.0,3117400.0
Asia,2021-03-03,104467190.0,38320322.0,12137045.0,2017282.0,3202460.0
Asia,2021-03-04,106904557.0,39991126.0,12686019.0,2437367.0,3313204.0
Asia,2021-03-05,109077566.0,41595066.0,13139370.0,2173009.0,3431499.0
Asia,2021-03-06,111208644.0,42941515.0,13682697.0,2131078.0,3549869.0
Asia,2021-03-07,112350624.0,43696702.0,13806051.0,1141980.0,1931466.0
Asia,2021-03-08,115099076.0,45844476.0,14236331.0,2748452.0,2110268.0
Asia,2021-03-09,117587708.0,47696682.0,14732470.0,2488632.0,2162543.0
Asia,2021-03-10,120434345.0,49848288.0,15295539.0,2846637.0,2281022.0
Asia,2021-03-11,121888331.0,50849977.0,15569055.0,1453986.0,2140539.0
Asia,2021-03-12,124713364.0,52802897.0,16269470.0,2825033.0,2233685.0
Asia,2021-03-13,127191218.0,54495224.0,16856118.0,2477854.0,2283225.0
Asia,2021-03-14,140737791.0,55236634.0,17026632.0,13546573.0,4055310.0
Asia,2021-03-15,145117489.0,58557538.0,17954319.0,4379698.0,4288345.0
Asia,2021-03-16,148932956.0,61115696.0,18927559.0,3815467.0,4477893.0
Asia,2021-03-17,152575564.0,63461639.0,19938004.0,3642608.0,4591603.0
Asia,2021-03-18,155937920.0,65765475.0,20730436.0,3362356.0,4864227.0
Asia,2021-03-19,161567887.0,69971210.0,21783432.0,5629967.0,5264932.0
Asia,2021-03-20,175181071.0,72917108.0,22332481.0,13613184.0,6855693.0
Asia,2021-03-21,176262426.0,73488625.0,22450510.0,1081355.0,5074948.0
Asia,2021-03-22,186847227.0,77456881.0,23316236.0,10584801.0,5961391.0
Asia,2021-03-23,193693741.0,80602563.0,24342148.0,6846514.0,6394398.0
Asia,2021-03-24,200198806.0,83167120.0,24971350.0,6505065.0,6803320.0
Asia,2021-03-25,209380351.0,85941082.0,25599234.0,9181545.0,7634633.0
Asia,2021-03-26,219411635.0,88986349.0,26283021.0,10031284.0,8263393.0
Asia,2021-03-27,227547001.0,91365328.0,26607937.0,8135366.0,7480847.0
Asia,2021-03-28,232792292.0,91971789.0,26779094.0,5245291.0,8075695.0
Asia,2021-03-29,239036645.0,93260026.0,27123836.0,6244353.0,7455631.0
Asia,2021-03-30,245887035.0,95742675.0,27572723.0,6850390.0,7456185.0
Asia,2021-03-31,256202648.0,99802107.0,28476705.0,10315613.0,8000549.0
Asia,2021-04-01,268494545.0,104032371.0,29481800.0,12291897.0,8444885.0
Asia,2021-04-02,280752815.0,108324636.0,29991433.0,12258270.0,8763026.0
Asia,2021-04-03,287512751.0,111479972.0,30538597.0,6759936.0,8566536.0
Asia,2021-04-04,294911578.0,114988663.0,30970471.0,7398827.0,8874184.0
Asia,2021-04-05,302905810.0,119300085.0,31603297.0,7994232.0,9124166.0
Asia,2021-04-06,312334513.0,124240485.0,32655800.0,9428703.0,9492497.0
Asia,2021-04-07,320058164.0,127986773.0,33233122.0,7723651.0,9122217.0
Asia,2021-04-08,332607065.0,132897883.0,34314648.0,12548901.0,9158931.0
Asia,2021-04-09,343289707.0,136729141.0,34991071.0,10682642.0,8933842.0
Asia,2021-04-10,352176014.0,140945648.0,36106427.0,8886307.0,9237609.0
Asia,2021-04-11,358960775.0,144101455.0,36667148.0,6784761.0,9149885.0
Asia,2021-04-12,369231179.0,148463754.0,37809094.0,10270404.0,9475053.0
Asia,2021-04-13,376971508.0,151585434.0,38480634.0,7740329.0,9233856.0
Asia,2021-04-14,385280749.0,155443413.0,39311834.0,8309241.0,9317512.0
Asia,2021-04-15,394116852.0,158447534.0,40572384.0,8836103.0,8787112.0
Asia,2021-04-16,401599061.0,161115285.0,41328087.0,7482209.0,8329908.0
Asia,2021-04-17,407699273.0,163563651.0,42244257.0,6100212.0,7931894.0
Asia,2021-04-18,413439426.0,165656874.0,43390032.0,5740153.0,7782664.0
Asia,2021-04-19,420995185.0,168698955.0,44805842.0,7555759.0,7394858.0
Asia,2021-04-20,426708368.0,171308961.0,47073270.0,5713183.0,7105266.0
Asia,2021-04-21,436234372.0,174228316.0,47992869.0,9526004.0,7279089.0
Asia,2021-04-22,448440451.0,177184138.0,49888579.0,12206079.0,7760514.0
Asia,2021-04-23,455614881.0,178501466.0,50527867.0,7174430.0,7716546.0
Asia,2021-04-24,460898191.0,179090204.0,50869586.0,5283310.0,7599845.0
Asia,2021-04-25,473297354.0,183880365.0,53518093.0,12399163.0,8551133.0
Asia,2021-04-26,482937829.0,186775836.0,55411348.0,9640475.0,8848949.0
Asia,2021-04-27,494191704.0,189196021.0,57383147.0,11253875.0,9640477.0
Asia,2021-04-28,507725944.0,192623593.0,59214113.0,13534240.0,10213082.0
Asia,2021-04-29,521928976.0,195923203.0,61719157.0,14203032.0,10498361.0
Asia,2021-04-30,537720033.0,198148764.0,63368710.0,15791057.0,11729307.0
Asia,2021-05-01,545370498.0,199352096.0,64268137.0,7650465.0,12067472.0
Asia,2021-05-02,551773656.0,200043416.0,64877069.0,6403158.0,11210900.0
Asia,2021-05-03,559285993.0,201514480.0,66204851.0,7512337.0,10906881.0
Asia,2021-05-04,570081886.0,203930556.0,68522666.0,10795893.0,10841455.0
Asia,2021-05-05,579566775.0,206171809.0,70469436.0,9484889.0,10262976.0
Asia,2021-05-06,592966511.0,208698320.0,72823732.0,13399736.0,10148219.0
Asia,2021-05-07,608329264.0,210910395.0,75224726.0,15362753.0,10087033.0
Asia,2021-05-08,620917328.0,212351288.0,76793683.0,12588064.0,10792404.0
Asia,2021-05-09,629855275.0,213562611.0,77610629.0,8937947.0,11154517.0
Asia,2021-05-10,644737058.0,216862331.0,79992700.0,14881783.0,12207295.0
Asia,2021-05-11,660335450.0,220282314.0,83444017.0,15598392.0,12893366.0
Asia,2021-05-12,675519870.0,222033342.0,85004135.0,15184420.0,13707585.0
Asia,2021-05-13,692386657.0,224045434.0,86857061.0,16866787.0,14202878.0
Asia,2021-05-14,708356077.0,225426946.0,87782162.0,15969420.0,14289545.0
Asia,2021-05-15,723309830.0,227013165.0,88616056.0,14953753.0,14627500.0
Asia,2021-05-16,739894104.0,228442382.0,89249475.0,16584274.0,15719833.0
Asia,2021-05-17,759126232.0,231092548.0,90554286.0,19232128.0,16341311.0
Asia,2021-05-18,777534179.0,233746730.0,92278381.0,18407947.0,16742676.0
Asia,2021-05-19,794475973.0,235652341.0,93159077.0,16941794.0,16993729.0
Asia,2021-05-20,817221494.0,238907878.0,94696487.0,22745521.0,17833548.0
Asia,2021-05-21,836462258.0,240019417.0,95706915.0,19240764.0,18300883.0
Asia,2021-05-22,854532472.0,243551801.0,96559526.0,18070214.0,18746092.0
Asia,2021-05-23,871202229.0,245587989.0,97382025.0,16669757.0,18758304.0
Asia,2021-05-24,893573582.0,250140444.0,98675945.0,22371353.0,19206764.0
Asia,2021-05-25,917623883.0,253176189.0,99772553.0,24050301.0,20012815.0
Asia,2021-05-26,942564417.0,257038008.0,100502426.0,24940534.0,21155492.0
Asia,2021-05-27,966132971.0,261784551.0,101500822.0,23568554.0,21273068.0
Asia,2021-05-28,988672483.0,264706740.0,102156461.0,22539512.0,21744318.0
Asia,2021-05-29,1011624761.0,268842906.0,102771921.0,22952278.0,22441756.0
Asia,2021-05-30,1035564867.0,273057726.0,103988966.0,23940106.0,23480377.0
Asia,2021-05-31,1062201277.0,276224506.0,104895621.0,26636410.0,24089671.0
