location,date,total_vaccinations,people_vaccinated,people_fully_vaccinated,new_vaccinations,new_vaccinations_smoothed
North America,2020-12-14,5.0,0.0,0.0,0.0,0.0
North America,2020-12-15,723.0,0.0,0.0,718.0,718.0
North America,2020-12-16,3023.0,0.0,0.0,2300.0,1509.0
North America,2020-12-17,7202.0,0.0,0.0,4179.0,2399.0
North America,2020-12-18,11174.0,0.0,0.0,3972.0,2792.0
North America,2020-12-19,11894.0,0.0,0.0,720.0,2378.0
North America,2020-12-20,568946.0,556208.0,0.0,557052.0,94824.0
North America,2020-12-21,634983.0,614117.0,0.0,66037.0,90711.0
North America,2020-12-22,640720.0,614117.0,0.0,5737.0,91428.0
North America,2020-12-23,1043114.0,1008025.0,0.0,402394.0,148584.0
North America,2020-12-24,1056402.0,1011004.0,0.0,13288.0,149886.0
North America,2020-12-25,1056402.0,1011004.0,0.0,0.0,149318.0
North America,2020-12-26,1995981.0,1947564.0,0.0,939579.0,283441.0
North America,2020-12-27,2003744.0,1951464.0,0.0,7763.0,204971.0
North America,2020-12-28,2196226.0,2136777.0,0.0,192482.0,223035.0
North America,2020-12-29,2216190.0,2145727.0,0.0,19964.0,225067.0
North America,2020-12-30,2903783.0,2819641.0,0.0,687593.0,265810.0
North America,2020-12-31,2917223.0,2819641.0,0.0,13440.0,265832.0
North America,2021-01-01,2923431.0,2819641.0,0.0,6208.0,266718.0
North America,2021-01-02,4359541.0,4250809.0,0.0,1436110.0,337651.0
North America,2021-01-03,4367243.0,4253209.0,0.0,7702.0,337643.0
North America,2021-01-04,4747410.0,4609675.0,0.0,380167.0,364455.0
North America,2021-01-05,5042357.0,4887160.0,0.0,294947.0,403738.0
North America,2021-01-06,5545797.0,5545367.0,430.0,503440.0,377431.0
North America,2021-01-07,6199721.0,6198634.0,1087.0,653924.0,468928.0
North America,2021-01-08,7026104.0,7024077.0,2027.0,826383.0,586096.0
North America,2021-01-09,7069017.0,7066077.0,2940.0,42913.0,387068.0
North America,2021-01-10,7098885.0,7095943.0,2942.0,29868.0,390235.0
North America,2021-01-11,9443182.0,9440240.0,2942.0,2344297.0,670825.0
North America,2021-01-12,9818261.0,9815238.0,3023.0,375079.0,682272.0
North America,2021-01-13,10899989.0,9936734.0,11931.0,1081728.0,764885.0
North America,2021-01-14,11948217.0,10475491.0,1356578.0,1048228.0,821214.0
North America,2021-01-15,13229101.0,11525780.0,1630531.0,1280884.0,886142.0
North America,2021-01-16,13312241.0,11607537.0,1631914.0,83140.0,891889.0
North America,2021-01-17,13348588.0,11641481.0,1634317.0,36347.0,892815.0
North America,2021-01-18,13417429.0,11706403.0,1638236.0,68841.0,567750.0
North America,2021-01-19,16890417.0,14744506.0,2057250.0,3472988.0,1010308.0
North America,2021-01-20,17754248.0,15450826.0,2210001.0,863831.0,979180.0
North America,2021-01-21,18871355.0,16316836.0,2456363.0,1117107.0,989020.0
North America,2021-01-22,20535508.0,17600936.0,2826659.0,1664153.0,1043772.0
North America,2021-01-23,21995911.0,18771858.0,3104273.0,1460403.0,1240524.0
North America,2021-01-24,23333473.0,19905191.0,3298594.0,1337562.0,1426412.0
North America,2021-01-25,24276954.0,20699201.0,3442179.0,943481.0,1551361.0
North America,2021-01-26,25120324.0,21375021.0,3588467.0,843370.0,1175701.0
North America,2021-01-27,26262192.0,22181597.0,3916984.0,1141868.0,1215421.0
North America,2021-01-28,27829918.0,23209163.0,4388735.0,1567726.0,1279795.0
North America,2021-01-29,29546493.0,24385157.0,4915881.0,1716575.0,1287284.0
North America,2021-01-30,31264802.0,25600134.0,5410624.0,1718309.0,1324127.0
North America,2021-01-31,32818236.0,26739927.0,5813295.0,1553434.0,1354966.0
North America,2021-02-01,33948827.0,27577968.0,6099457.0,1130591.0,1381696.0
North America,2021-02-02,34523796.0,28005099.0,6243465.0,574969.0,1343353.0
North America,2021-02-03,35643867.0,28724436.0,6633064.0,1120071.0,1340239.0
North America,2021-02-04,37007482.0,29490755.0,7144264.0,1363615.0,1311081.0
North America,2021-02-05,38651060.0,30506561.0,7738648.0,1643578.0,1300652.0
North America,2021-02-06,40905361.0,31859648.0,8575893.0,2254301.0,1377223.0
North America,2021-02-07,43094580.0,33193697.0,9416231.0,2189219.0,1468049.0
North America,2021-02-08,44344424.0,33973372.0,9818029.0,1249844.0,1485085.0
North America,2021-02-09,45162639.0,34511874.0,10158650.0,818215.0,1519835.0
North America,2021-02-10,46763543.0,35439670.0,10813234.0,1600904.0,1588525.0
North America,2021-02-11,48416995.0,36392553.0,11553351.0,1653452.0,1629930.0
North America,2021-02-12,50474445.0,37516128.0,12474877.0,2057450.0,1689055.0
North America,2021-02-13,52740660.0,38751339.0,13492164.0,2266215.0,1690757.0
North America,2021-02-14,55002377.0,39992470.0,14501694.0,2261717.0,1701114.0
North America,2021-02-15,55065087.0,40029575.0,14524144.0,62710.0,1531523.0
North America,2021-02-16,57595677.0,41584650.0,15479926.0,2530590.0,1776148.0
North America,2021-02-17,58824984.0,42320260.0,15965720.0,1229307.0,1723063.0
North America,2021-02-18,60592163.0,43102687.0,16678478.0,1767179.0,1739310.0
North America,2021-02-19,62761795.0,44297077.0,17899472.0,2169632.0,1755336.0
North America,2021-02-20,64607997.0,45227027.0,18800010.0,1846202.0,1695334.0
North America,2021-02-21,66488579.0,46104157.0,19790477.0,1880582.0,1640886.0
North America,2021-02-22,67711856.0,46713470.0,20403958.0,1223277.0,1806681.0
North America,2021-02-23,68694945.0,47222175.0,20874635.0,983089.0,1585610.0
North America,2021-02-24,70305087.0,48064454.0,21626523.0,1610142.0,1640015.0
North America,2021-02-25,72387298.0,49105862.0,22642623.0,2082211.0,1685019.0
North America,2021-02-26,74842393.0,50441641.0,23750041.0,2455095.0,1725800.0
North America,2021-02-27,77386002.0,51871315.0,24848465.0,2543609.0,1825429.0
North America,2021-02-28,79943330.0,53330173.0,25935049.0,2557328.0,1922107.0
North America,2021-03-01,81830684.0,54495243.0,26639969.0,1887354.0,2016975.0
North America,2021-03-02,83749892.0,55692063.0,27348910.0,1919208.0,2150707.0
North America,2021-03-03,85851492.0,56955820.0,28171474.0,2101600.0,2220915.0
North America,2021-03-04,88088831.0,58293965.0,29014106.0,2237339.0,2243076.0
North America,2021-03-05,90807132.0,60112221.0,29942148.0,2718301.0,2280677.0
North America,2021-03-06,93919679.0,62131449.0,31019666.0,3112547.0,2361954.0
North America,2021-03-07,96458105.0,63714188.0,31931890.0,2538426.0,2359254.0
North America,2021-03-08,98379818.0,65044317.0,32750353.0,1921713.0,2364162.0
North America,2021-03-09,100387729.0,66527885.0,33364267.0,2007911.0,2376834.0
North America,2021-03-10,102965173.0,68432881.0,34172746.0,2577444.0,2444812.0
North America,2021-03-11,105946153.0,70235614.0,35135880.0,2980980.0,2551046.0
North America,2021-03-12,109255451.0,72817557.0,36281786.0,3309298.0,2635474.0
North America,2021-03-13,114147224.0,76049469.0,38214475.0,4891773.0,2889649.0
North America,2021-03-14,115752942.0,77201444.0,38745976.0,1605718.0,2756405.0
North America,2021-03-15,118077395.0,78763515.0,39633170.0,2324453.0,2813940.0
North America,2021-03-16,120007580.0,79987194.0,40345618.0,1930185.0,2802836.0
North America,2021-03-17,122703960.0,82022023.0,41314765.0,2696380.0,2819827.0
North America,2021-03-18,125832651.0,84212221.0,42378875.0,3128691.0,2840928.0
North America,2021-03-19,128844154.0,86128633.0,43338437.0,3011503.0,2798386.0
North America,2021-03-20,132380824.0,88860539.0,44494104.0,3536670.0,2604800.0
North America,2021-03-21,135681308.0,91146471.0,45623357.0,3300484.0,2846909.0
North America,2021-03-22,138101152.0,92822953.0,46464760.0,2419844.0,2860537.0
North America,2021-03-23,140209776.0,94232840.0,47091691.0,2108624.0,2886028.0
North America,2021-03-24,142873856.0,96259278.0,47991341.0,2664080.0,2881414.0
North America,2021-03-25,146087794.0,98450040.0,49108848.0,3213938.0,2893592.0
North America,2021-03-26,149947822.0,101102688.0,50427778.0,3860028.0,3014810.0
North America,2021-03-27,153864474.0,103650011.0,51896161.0,3916652.0,3069093.0
North America,2021-03-28,157453648.0,105748213.0,53352258.0,3589174.0,3110334.0
North America,2021-03-29,160272257.0,107629335.0,54458837.0,2818609.0,3167301.0
North America,2021-03-30,162736145.0,108882398.0,55330711.0,2463888.0,3218053.0
North America,2021-03-31,166112068.0,111419889.0,56617112.0,3375923.0,3319745.0
North America,2021-04-01,169727352.0,113633366.0,58112503.0,3615284.0,3377080.0
North America,2021-04-02,174671219.0,116725100.0,60124199.0,4943867.0,3531914.0
North America,2021-04-03,179308779.0,119659978.0,62026999.0,4637560.0,3634901.0
North America,2021-04-04,182842094.0,121799187.0,63615617.0,3533315.0,3626921.0
North America,2021-04-05,185434051.0,123465835.0,64685607.0,2591957.0,3594542.0
North America,2021-04-06,187579311.0,124782458.0,65520681.0,2145260.0,3549024.0
North America,2021-04-07,191186436.0,127003959.0,67121582.0,3607125.0,3582053.0
North America,2021-04-08,195434677.0,129937608.0,69118999.0,4248241.0,3672475.0
North America,2021-04-09,200123394.0,132883050.0,71334515.0,4688717.0,3636025.0
North America,2021-04-10,205259444.0,135984623.0,73964893.0,5136050.0,3707238.0
North America,2021-04-11,209237446.0,138409968.0,75999523.0,3978002.0,3770765.0
North America,2021-04-12,212693146.0,140600412.0,77639803.0,3455700.0,3894156.0
North America,2021-04-13,216427896.0,142960913.0,79333907.0,3734750.0,4121226.0
North America,2021-04-14,220472930.0,145316538.0,81583730.0,4045034.0,4183785.0
North America,2021-04-15,224909095.0,147854292.0,83758379.0,4436165.0,4210631.0
North America,2021-04-16,229824185.0,150360033.0,86300992.0,4915090.0,4242970.0
North America,2021-04-17,233983680.0,152520103.0,88354208.0,4159495.0,4103462.0
North America,2021-04-18,237851962.0,154530932.0,90234747.0,3868282.0,4087788.0
North America,2021-04-19,240667069.0,155992080.0,91559928.0,2815107.0,3996275.0
North America,2021-04-20,243245840.0,157344025.0,92838018.0,2578771.0,3831135.0
North America,2021-04-21,246616588.0,159013303.0,94689157.0,3370748.0,3734808.0
North America,2021-04-22,250436466.0,161062839.0,96739529.0,3819878.0,3646767.0
North America,2021-04-23,254580329.0,163068479.0,98989615.0,4143863.0,3536592.0
North America,2021-04-24,258477142.0,164922502.0,101091793.0,3896813.0,3499066.0
North America,2021-04-25,262078779.0,166596861.0,103037583.0,3601637.0,3460974.0
North America,2021-04-26,264868982.0,168065727.0,104394931.0,2790203.0,3457416.0
North America,2021-04-27,266885781.0,169179905.0,105299824.0,2016799.0,3377134.0
North America,2021-04-28,270156115.0,170579374.0,107300915.0,3270334.0,3362790.0
North America,2021-04-29,273663126.0,172183726.0,109313364.0,3507011.0,3318094.0
North America,2021-04-30,277194022.0,173755495.0,111415126.0,3530896.0,3230528.0
North America,2021-05-01,281008232.0,175412363.0,113686427.0,3814210.0,3218727.0
North America,2021-05-02,283480754.0,176443556.0,115195652.0,2472522.0,3057425.0
North America,2021-05-03,285462819.0,177379450.0,116027156.0,1982065.0,2941977.0
North America,2021-05-04,287363834.0,178343985.0,117350395.0,1901015.0,2925436.0
North America,2021-05-05,290201439.0,179744519.0,118960426.0,2837605.0,2863618.0
North America,2021-05-06,293703599.0,181472289.0,120906158.0,3502160.0,2862925.0
North America,2021-05-07,297591704.0,183259926.0,123178085.0,3888105.0,2913955.0
North America,2021-05-08,300744788.0,184623073.0,125072606.0,3153084.0,2819508.0
North America,2021-05-09,303474392.0,185730941.0,126760150.0,2729604.0,2856234.0
North America,2021-05-10,305990510.0,186951114.0,128149167.0,2516118.0,2932527.0
North America,2021-05-11,308349512.0,188238555.0,129277980.0,2359002.0,2997954.0
North America,2021-05-12,310904751.0,189656055.0,130745823.0,2555239.0,2957616.0
North America,2021-05-13,313904859.0,191164460.0,132443326.0,3000108.0,2885894.0
North America,2021-05-14,316418411.0,192373684.0,133804515.0,2513552.0,2689530.0
North America,2021-05-15,319340455.0,193802554.0,135379159.0,2922044.0,2656524.0
North America,2021-05-16,322928442.0,195894818.0,137126190.0,3587987.0,2779150.0
North America,2021-05-17,325276164.0,197244575.0,138165655.0,2347722.0,2755093.0
North America,2021-05-18,328022356.0,199028611.0,139357428.0,2746192.0,2810406.0
North America,2021-05-19,331122563.0,200959220.0,140716479.0,3100207.0,2888259.0
North America,2021-05-20,334562770.0,203112421.0,142180288.0,3440207.0,2951130.0
North America,2021-05-21,338082698.0,205289746.0,143683556.0,3519928.0,3094898.0
North America,2021-05-22,341322683.0,207264920.0,145069748.0,3239985.0,3140318.0
North America,2021-05-23,343625783.0,208578209.0,146122027.0,2303100.0,2956763.0
North America,2021-05-24,345847106.0,210035316.0,146933603.0,2221323.0,2938706.0
North America,2021-05-25,348037596.0,211570714.0,147627474.0,2190490.0,2859320.0
North America,2021-05-26,349959440.0,212624630.0,148539054.0,1921844.0,2690982.0
North America,2021-05-27,353577239.0,215086869.0,149894576.0,3617799.0,2716353.0
North America,2021-05-28,356215899.0,216838166.0,150900738.0,2638660.0,2590457.0
North America,2021-05-29,358254577.0,217926034.0,151901394.0,2038678.0,2418842.0
North America,2021-05-30,360262331.0,219155755.0,152714233.0,2007754.0,2376650.0
North America,2021-05-31,360949841.0,219680753.0,152878441.0,687510.0,2157534.0
