location,date,total_vaccinations,people_vaccinated,people_fully_vaccinated,new_vaccinations,new_vaccinations_smoothed
World,2020-12-02,1.0,1.0,0.0,0.0,0.0
World,2020-12-03,1.0,1.0,0.0,0.0,0.0
World,2020-12-04,2.0,2.0,0.0,1.0,0.0
World,2020-12-05,2.0,2.0,0.0,0.0,0.0
World,2020-12-06,2.0,2.0,0.0,0.0,0.0
World,2020-12-07,4.0,4.0,0.0,2.0,1.0
World,2020-12-08,4.0,4.0,0.0,0.0,0.0
World,2020-12-09,5.0,5.0,0.0,1.0,1.0
World,2020-12-10,6.0,6.0,0.0,1.0,1.0
World,2020-12-11,7.0,7.0,0.0,1.0,1.0
World,2020-12-12,7.0,7.0,0.0,0.0,1.0
World,2020-12-13,7.0,7.0,0.0,0.0,1.0
World,2020-12-14,12.0,7.0,0.0,5.0,1.0
World,2020-12-15,1529230.0,28507.0,0.0,1529218.0,218461.0
World,2020-12-16,1531530.0,28507.0,0.0,2300.0,218789.0
World,2020-12-17,1535710.0,28508.0,0.0,4180.0,219386.0
World,2020-12-18,1539682.0,28508.0,0.0,3972.0,219954.0
World,2020-12-19,1540463.0,28569.0,0.0,781.0,220065.0
World,2020-12-20,2104874.0,592136.0,0.0,564411.0,300695.0
World,2020-12-21,2195795.0,674929.0,0.0,90921.0,313683.0
World,2020-12-22,2269651.0,743048.0,0.0,73856.0,105774.0
World,2020-12-23,2773854.0,1238765.0,0.0,504203.0,177475.0
World,2020-12-24,2871993.0,1326595.0,0.0,98139.0,190898.0
World,2020-12-25,2915691.0,1370293.0,0.0,43698.0,196573.0
World,2020-12-26,3891998.0,2343581.0,0.0,976307.0,335934.0
World,2020-12-27,4063021.0,2510727.0,14.0,171023.0,279735.0
World,2020-12-28,4435217.0,2872122.0,52.0,372196.0,319917.0
World,2020-12-29,4708216.0,3131319.0,783.0,272999.0,348366.0
World,2020-12-30,5701880.0,4109854.0,912.0,993664.0,418289.0
World,2020-12-31,9016859.0,4375043.0,1061.0,3314979.0,877838.0
World,2021-01-01,9129542.0,4481511.0,1068.0,112683.0,887693.0
World,2021-01-02,11493179.0,6839922.0,1365.0,2363637.0,1085883.0
World,2021-01-03,13147615.0,8460159.0,23372.0,1654436.0,1297799.0
World,2021-01-04,13968037.0,9242204.0,23425.0,820422.0,1361831.0
World,2021-01-05,15539424.0,9961959.0,23467.0,1571387.0,1547315.0
World,2021-01-06,16558272.0,10987204.0,23922.0,1018848.0,1550913.0
World,2021-01-07,17798544.0,12140338.0,24594.0,1240272.0,1254526.0
World,2021-01-08,19199497.0,13415242.0,25878.0,1400953.0,1438565.0
World,2021-01-09,24107389.0,13702882.0,26870.0,4907892.0,1802030.0
World,2021-01-10,25779045.0,15716356.0,652264.0,1671656.0,1804490.0
World,2021-01-11,28857131.0,18663063.0,692326.0,3078086.0,2127013.0
World,2021-01-12,30108206.0,19742123.0,744187.0,1251075.0,2081255.0
World,2021-01-13,33582496.0,20961777.0,820892.0,3474290.0,2432032.0
World,2021-01-14,36049503.0,22416291.0,2244530.0,2467007.0,2607280.0
World,2021-01-15,38788994.0,24368604.0,2561822.0,2739491.0,2798500.0
World,2021-01-16,39953130.0,25199548.0,2592885.0,1164136.0,2263677.0
World,2021-01-17,40771320.0,25772123.0,2708563.0,818190.0,2141754.0
World,2021-01-18,42187426.0,26914551.0,2878175.0,1416106.0,1904328.0
World,2021-01-19,47256632.0,31110542.0,3518013.0,5069206.0,2449775.0
World,2021-01-20,54769971.0,33176589.0,3930076.0,7513339.0,3026782.0
World,2021-01-21,57736181.0,35409366.0,4486310.0,2966210.0,3098097.0
World,2021-01-22,61408418.0,38326345.0,5027153.0,3672237.0,3231346.0
World,2021-01-23,64512537.0,40775120.0,5461777.0,3104119.0,3508487.0
World,2021-01-24,67182235.0,42703861.0,5897156.0,2669698.0,3772988.0
World,2021-01-25,69851278.0,44806165.0,6405710.0,2669043.0,3951979.0
World,2021-01-26,72422504.0,46548532.0,6957985.0,2571226.0,3595125.0
World,2021-01-27,83508622.0,49045217.0,7677298.0,11086118.0,4105522.0
World,2021-01-28,87774992.0,51937038.0,8614198.0,4266370.0,4291259.0
World,2021-01-29,91967608.0,54780155.0,9517957.0,4192616.0,4365599.0
World,2021-01-30,95749323.0,57452102.0,10326538.0,3781715.0,4462398.0
World,2021-01-31,100103329.0,59575371.0,11082641.0,4354006.0,4703013.0
World,2021-02-01,103040765.0,61501201.0,11763320.0,2937436.0,4741355.0
World,2021-02-02,105635422.0,63206528.0,12373044.0,2594657.0,4744703.0
World,2021-02-03,116505600.0,65579483.0,13345252.0,10870178.0,4713854.0
World,2021-02-04,121167378.0,68626154.0,14498335.0,4661778.0,4770341.0
World,2021-02-05,125444525.0,71514047.0,15563735.0,4277147.0,4782417.0
World,2021-02-06,129800988.0,74408989.0,16670606.0,4356463.0,4864524.0
World,2021-02-07,133416489.0,76654457.0,17911547.0,3615501.0,4759023.0
World,2021-02-08,136685278.0,78797081.0,18721274.0,3268789.0,4806359.0
World,2021-02-09,149442578.0,81156096.0,19601242.0,12757300.0,6258165.0
World,2021-02-10,154298880.0,84366502.0,20852456.0,4856302.0,5399040.0
World,2021-02-11,159175630.0,87541835.0,22297006.0,4876750.0,5429750.0
World,2021-02-12,164798217.0,93811910.0,24099439.0,5622587.0,5621956.0
World,2021-02-13,169840134.0,96936860.0,25623146.0,5041917.0,5719878.0
World,2021-02-14,173811031.0,99799704.0,27221279.0,3970897.0,5770649.0
World,2021-02-15,176935243.0,101898301.0,27913686.0,3124212.0,5749995.0
World,2021-02-16,182703133.0,105645656.0,29605589.0,5767890.0,4751508.0
World,2021-02-17,187581908.0,108769913.0,31151296.0,4878775.0,4754718.0
World,2021-02-18,193739446.0,112522098.0,32947735.0,6157538.0,4937688.0
World,2021-02-19,199223238.0,118103571.0,35153772.0,5483792.0,4917860.0
World,2021-02-20,203787415.0,121001471.0,36713322.0,4564177.0,4849612.0
World,2021-02-21,207341462.0,123020612.0,38235792.0,3554047.0,4790062.0
World,2021-02-22,211027596.0,125375760.0,39464078.0,3686134.0,4870336.0
World,2021-02-23,215524424.0,130807464.0,43001898.0,4496828.0,4688756.0
World,2021-02-24,221016947.0,134484252.0,44670895.0,5492523.0,4776434.0
World,2021-02-25,227107284.0,138230137.0,46827222.0,6090337.0,4766834.0
World,2021-02-26,233433632.0,142142397.0,49134212.0,6326348.0,4887199.0
World,2021-02-27,238949718.0,145450480.0,51077170.0,5516086.0,5023186.0
World,2021-02-28,255453402.0,148431715.0,52563878.0,16503684.0,6873134.0
World,2021-03-01,260463140.0,151838981.0,54013081.0,5009738.0,7062221.0
World,2021-03-02,270950284.0,159422909.0,56707976.0,10487144.0,7917980.0
World,2021-03-03,278138984.0,164336839.0,58871583.0,7188700.0,8160291.0
World,2021-03-04,286573840.0,170056922.0,61308069.0,8434856.0,8495222.0
World,2021-03-05,294741034.0,175812272.0,63606976.0,8167194.0,8758200.0
World,2021-03-06,302196911.0,180868961.0,65719905.0,7455877.0,9035313.0
World,2021-03-07,307661590.0,184641612.0,67076042.0,5464679.0,7458313.0
World,2021-03-08,314552828.0,189717410.0,68931678.0,6891238.0,7727098.0
World,2021-03-09,321479014.0,194712109.0,70730655.0,6926186.0,7218390.0
World,2021-03-10,330219466.0,200859482.0,73266672.0,8740452.0,7440069.0
World,2021-03-11,338442668.0,206077120.0,75778510.0,8223202.0,7409833.0
World,2021-03-12,348148146.0,212912712.0,78798912.0,9705478.0,7629587.0
World,2021-03-13,358211045.0,220493079.0,82049222.0,10062899.0,8002019.0
World,2021-03-14,375023643.0,223675281.0,83122727.0,16812598.0,9623150.0
World,2021-03-15,384849569.0,230555695.0,86061924.0,9825926.0,10042392.0
World,2021-03-16,393147028.0,235956061.0,88672781.0,8297459.0,10238288.0
World,2021-03-17,403545817.0,242581095.0,92448185.0,10398789.0,10475193.0
World,2021-03-18,413356499.0,249385595.0,95300258.0,9810682.0,10701976.0
World,2021-03-19,425647352.0,257915214.0,98570077.0,12290853.0,11071315.0
World,2021-03-20,445244829.0,265500227.0,100802133.0,19597477.0,12433398.0
World,2021-03-21,451282589.0,269553052.0,102506772.0,6037760.0,10894135.0
World,2021-03-22,467212958.0,277143207.0,105154183.0,15930369.0,11766198.0
World,2021-03-23,479970312.0,284535075.0,107764332.0,12757354.0,12403326.0
World,2021-03-24,493823278.0,292405611.0,110660986.0,13852966.0,12896780.0
World,2021-03-25,510045634.0,299900635.0,113656763.0,16222356.0,13812734.0
World,2021-03-26,528430251.0,308691397.0,117016168.0,18384617.0,14683271.0
World,2021-03-27,543393243.0,315773495.0,119517081.0,14962992.0,14021202.0
World,2021-03-28,554617092.0,320311222.0,121681709.0,11223849.0,14762072.0
World,2021-03-29,569664981.0,326958670.0,125617686.0,15047889.0,14636003.0
World,2021-03-30,582664552.0,333021055.0,128212026.0,12999571.0,14670606.0
World,2021-03-31,601568091.0,343190928.0,131925662.0,18903539.0,15392116.0
World,2021-04-01,621618344.0,352122255.0,135996223.0,20050253.0,15938959.0
World,2021-04-02,643014646.0,362390697.0,139731340.0,21396302.0,16369199.0
World,2021-04-03,656848883.0,370169913.0,142911264.0,13834237.0,16207949.0
World,2021-04-04,669643186.0,377183622.0,145410885.0,12794303.0,16432299.0
World,2021-04-05,683005240.0,385024122.0,148016507.0,13362054.0,16191466.0
World,2021-04-06,698814194.0,394171669.0,151226556.0,15808954.0,16592806.0
World,2021-04-07,716662864.0,404477531.0,155507133.0,17848670.0,16442110.0
World,2021-04-08,739743536.0,416763431.0,160349406.0,23080672.0,16875027.0
World,2021-04-09,760628527.0,427224862.0,164987503.0,20884991.0,16801983.0
World,2021-04-10,779043553.0,437566349.0,170035797.0,18415026.0,17456381.0
World,2021-04-11,792294282.0,444975124.0,173261969.0,13250729.0,17521585.0
World,2021-04-12,810288357.0,454512324.0,177306691.0,17994075.0,18183302.0
World,2021-04-13,829266393.0,465336709.0,181765926.0,18978036.0,18636028.0
World,2021-04-14,847355747.0,475599339.0,186465343.0,18089354.0,18670412.0
World,2021-04-15,865453019.0,484429026.0,191350268.0,18097272.0,17958498.0
World,2021-04-16,882530677.0,492778300.0,196082116.0,17077658.0,17414593.0
World,2021-04-17,896125583.0,499604906.0,200104332.0,13594906.0,16726004.0
World,2021-04-18,911157365.0,506913335.0,205319197.0,15031782.0,16980440.0
World,2021-04-19,926247841.0,514570174.0,209528316.0,15090476.0,16565641.0
World,2021-04-20,938541329.0,521166137.0,214370564.0,12293488.0,15610705.0
World,2021-04-21,956610553.0,529086364.0,218895286.0,18069224.0,15607829.0
World,2021-04-22,978523679.0,537648127.0,225094277.0,21913126.0,16152951.0
World,2021-04-23,996918390.0,545238764.0,230717603.0,18394711.0,16341102.0
World,2021-04-24,1010067470.0,549944689.0,234804731.0,13149080.0,16277412.0
World,2021-04-25,1030010811.0,559327815.0,240446294.0,19943341.0,16979064.0
World,2021-04-26,1046568613.0,566182356.0,245395273.0,16557802.0,17188682.0
World,2021-04-27,1066011864.0,573514474.0,250666663.0,19443251.0,18210076.0
World,2021-04-28,1090529814.0,583398438.0,257049041.0,24517950.0,19131323.0
World,2021-04-29,1115081136.0,592409724.0,264252719.0,24551322.0,19508208.0
World,2021-04-30,1139944205.0,599615262.0,270093668.0,24863069.0,20432259.0
World,2021-05-01,1155015310.0,604768033.0,274532363.0,15071105.0,20706834.0
World,2021-05-02,1167666656.0,609006548.0,277988604.0,12651346.0,19665121.0
World,2021-05-03,1181067740.0,613907225.0,281586424.0,13401084.0,19214161.0
World,2021-05-04,1199636017.0,620966859.0,287410583.0,18568277.0,19089165.0
World,2021-05-05,1219625010.0,629189895.0,294165417.0,19988993.0,18442171.0
World,2021-05-06,1243250120.0,637430363.0,301172031.0,23625110.0,18309855.0
World,2021-05-07,1269583486.0,645702551.0,308633323.0,26333366.0,18519897.0
World,2021-05-08,1289274915.0,650740701.0,313765032.0,19691429.0,19179944.0
World,2021-05-09,1305620062.0,656115794.0,317929778.0,16345147.0,19707629.0
World,2021-05-10,1328315755.0,664063931.0,323606090.0,22695693.0,21035431.0
World,2021-05-11,1352959316.0,673486758.0,330759204.0,24643561.0,21903328.0
World,2021-05-12,1379155929.0,681980876.0,336893915.0,26196613.0,22790131.0
World,2021-05-13,1405876896.0,689567108.0,343238404.0,26720967.0,23232397.0
World,2021-05-14,1431644439.0,696618718.0,348313796.0,25767543.0,23151565.0
World,2021-05-15,1454936698.0,702886509.0,352859777.0,23292259.0,23665969.0
World,2021-05-16,1479574272.0,709160773.0,356999617.0,24637574.0,24850601.0
World,2021-05-17,1506499872.0,716550527.0,361350483.0,26925600.0,25454874.0
World,2021-05-18,1534810758.0,725440995.0,366944300.0,28310886.0,25978777.0
World,2021-05-19,1562057966.0,733574324.0,372031465.0,27247208.0,26128862.0
World,2021-05-20,1596207250.0,743654768.0,378317663.0,34149284.0,27190051.0
World,2021-05-21,1625334243.0,750463162.0,383604405.0,29126993.0,27669972.0
World,2021-05-22,1652543233.0,759432327.0,388513283.0,27208990.0,28229505.0
World,2021-05-23,1676157595.0,765499648.0,392309456.0,23614362.0,28083332.0
World,2021-05-24,1704924246.0,777120882.0,396491259.0,28766651.0,28346339.0
World,2021-05-25,1745249737.0,790176241.0,403959063.0,40325491.0,30062711.0
World,2021-05-26,1779813123.0,799490599.0,409136069.0,34563386.0,31107880.0
World,2021-05-27,1813770783.0,810431629.0,414771680.0,33957660.0,31080505.0
World,2021-05-28,1845718142.0,818819847.0,419760225.0,31947359.0,31483414.0
World,2021-05-29,1876594985.0,827707203.0,423563234.0,30876843.0,32007393.0
World,2021-05-30,1906442994.0,835289867.0,427421843.0,29848009.0,32897914.0
World,2021-05-31,1937500905.0,840956152.0,430361678.0,31057911.0,33225237.0
